1.341736196589980779e+00
1.461267425714064316e+00
1.581299835979914192e+00
1.701763449907150560e+00
1.822589732348449898e+00
1.943711628141565839e+00
2.065063604800756902e+00
2.186581699474174023e+00
2.308203569360141039e+00
2.429868544714377521e+00
2.551517683487285915e+00
2.673093826500200443e+00
2.794541651895305456e+00
2.915807727365847590e+00
3.036840558380228927e+00
3.157590630241056573e+00
3.278010441349510806e+00
3.398054524453251624e+00
3.517679451913604538e+00
3.636843820097837465e+00
3.755508206838928054e+00
3.873635094449681127e+00
3.991188748957013033e+00
4.108135043943761389e+00
4.224441214530923361e+00
4.340075523458391871e+00
4.455006816739782494e+00
4.569203940745339310e+00
4.682634985515431225e+00
4.795266310261105502e+00
4.907061295916512300e+00
5.017978755715176931e+00
5.127970917389276906e+00
5.236980868925952493e+00
5.344939332904372620e+00
5.451760601202796153e+00
5.557337421153518697e+00
5.661534574925775942e+00
5.764180835198278174e+00
5.865058911911129158e+00
5.963892928367235058e+00
6.060332884159168820e+00
6.153935485960142060e+00
6.244140671515106433e+00
6.330243145961770068e+00
6.411358340627995034e+00
6.486382468046150152e+00
6.553946896076484840e+00
6.612368057836054192e+00
6.659595757784147807e+00
6.693165256353237780e+00
6.710162097631217293e+00
6.707213269052902049e+00
6.680523462856156058e+00
6.625979611819309945e+00
6.539347943160027654e+00
6.416581741578263554e+00
6.254240725009903024e+00
6.049992433082836740e+00
5.803126207360474353e+00
5.514973961946609826e+00
5.189118875961298727e+00
4.831300958026878867e+00
4.448998446910449545e+00
4.050753496273821419e+00
3.645381489367225392e+00
3.241224678513932034e+00
2.845577870521050379e+00
2.464348318501122126e+00
2.101945315779492063e+00
1.761349951347033205e+00
1.444298434546893883e+00
1.151517112363812601e+00
8.829631154671333526e-01
6.380424754772682228e-01
4.157924534000358996e-01
2.150250342571351503e-01
3.443442638086136043e-02
-1.273259085202882446e-01
-2.715904924831220590e-01
-3.996475430593489087e-01
-5.127182469382933760e-01
-6.119456739296689207e-01
-6.983903309252421643e-01
-7.730301325823645264e-01
-8.367631838180398240e-01
-8.904122421186952963e-01
-9.347300790981680763e-01
-9.704052161128575715e-01
-9.980676908945627090e-01
-1.018294639927484146e+00
-1.031615569450332170e+00
-1.038517247714918490e+00
-1.039448190785883464e+00
-1.034822739772341071e+00
-1.025024743287975770e+00
-1.010410868234832060e+00
-9.913135668703034753e-01
-9.680437300677597889e-01
-9.408930567682876056e-01
-9.101361685601422336e-01
-8.760324966039561012e-01
-8.388279660682982364e-01
-7.987565010615557126e-01
-7.560413708800876043e-01
-7.108963963211114567e-01
-6.635270328771781800e-01
-6.141313458633773648e-01
-5.629008909342038125e-01
-5.100215120268161151e-01
-4.556740675117511574e-01
-4.000350942317029701e-01
-3.432774181554377746e-01
-2.855707195491319350e-01
-2.270820598690921344e-01
-1.679763769909990712e-01
-1.084169549041340413e-01
-4.856587360986757557e-02
1.141555533982304728e-02
7.136636244597110990e-02
1.311254979296768708e-01
1.905314084456426749e-01
2.494216078112283241e-01
3.076322366283736898e-01
3.649976055070406344e-01
4.213497163491379260e-01
4.765177558162763116e-01
5.303275546794341544e-01
5.826010062235735809e-01
6.331554362515441348e-01
6.818029164855361479e-01
7.283495122933753008e-01
7.725944546569345484e-01
8.143292251431285544e-01
8.533365413207649741e-01
8.893892285789343211e-01
9.222489626449570377e-01
9.516648652686496845e-01
9.773719335502630834e-01
9.990892812754708086e-01
1.016518168437867242e+00
1.029339792979288237e+00
1.037212816821317274e+00
1.039770596747340736e+00
1.036618090003913029e+00
1.027328405183871807e+00
1.011438971870280534e+00
9.884473088596663626e-01
9.578063822980724673e-01
9.189195642370642236e-01
8.711352324724037643e-01
8.137410990101594521e-01
7.459584239411025663e-01
6.669363732323629890e-01
5.757469254554279381e-01
4.713809400369766145e-01
3.527462886657142249e-01
2.186693461033830665e-01
6.790166238853334590e-02
-1.008656833545087395e-01
-2.889767112736119081e-01
-4.977698539996278093e-01
-7.285166792361423838e-01
-9.823339910002206743e-01
-1.260063193544858517e+00
-1.562112117313957160e+00
-1.888258262700652335e+00
-2.237419836313034871e+00
-2.607412988023457334e+00
-2.994730054715677436e+00
-3.394391548371672673e+00
-3.799937455831555955e+00
-4.203621039630793810e+00
-4.596840849551024455e+00
-4.970791739096994455e+00
-5.317245971087624312e+00
-5.629318686476051603e+00
-5.902058341187049528e+00
-6.132745144892420619e+00
-6.320863090470486334e+00
-6.467797295827354631e+00
-6.576363703291621121e+00
-6.650289108146940187e+00
-6.693735058868834464e+00
-6.710919403133934757e+00
-6.705851986731947711e+00
-6.682175486293672861e+00
-6.643089766825916342e+00
-6.591335316466291339e+00
-6.529214037036764395e+00
-6.458630596341432550e+00
-6.381142619289933648e+00
-6.298012247221910442e+00
-6.210254760215248027e+00
-6.118682118661444846e+00
-6.023940650169459232e+00
-5.926542910590031354e+00
-5.826894172318790588e+00
-5.725314179902550649e+00
-5.622054859820448058e+00
-5.517314641842569145e+00
-5.411249983179029499e+00
-5.303984607110798777e+00
-5.195616887916211013e+00
-5.086225740236278270e+00
-4.975875306330872938e+00
-4.864618679610635432e+00
-4.752500856919004590e+00
-4.639561074309480837e+00
-4.525834650369596091e+00
-4.411354436348934982e+00
-4.296151952422204268e+00
-4.180258273458113294e+00
-4.063704714910388205e+00
-3.946523359270290854e+00
-3.828747455404719613e+00
-3.710411716635013235e+00
-3.591552538254735527e+00
-3.472208151072065263e+00
-3.352418724281119200e+00
-3.232226428347136249e+00
-3.111675466498086795e+00
-2.990812081743250417e+00
-2.869684545002801457e+00
-2.748343128863678153e+00
-2.626840070623769563e+00
-2.505229527604724282e+00
-2.383567527170992406e+00
-2.261911913461857715e+00
-2.140322292502754298e+00
-2.018859977095447622e+00
-1.897587932680489642e+00
-1.776570725208486801e+00
-1.655874471941774617e+00
-1.535566796027675096e+00
-1.415716785634684838e+00
-1.296394958418776167e+00
-1.177673232086802857e+00
-1.059624901845832357e+00
-9.423246255694046614e-01
-8.258484175747228262e-01
-7.102736519888501743e-01
-5.956790767875407289e-01
-4.821448397198134783e-01
-3.697525274865981482e-01
-2.585852197258253771e-01
-1.487275595734349753e-01
-4.026584282388423475e-02
6.671187198855665912e-02
1.721156299189747774e-01
2.758534192768424820e-01
3.778309810785160927e-01
4.779515841855750402e-01
5.761157613809184674e-01
6.722210008791347224e-01
7.661613868846197661e-01
8.578271817784041131e-01
9.471043413077864237e-01
1.033873952743192159e+00
1.118011584321363383e+00
1.199386532378009740e+00
1.277860950346862312e+00
1.353288841226231387e+00
1.425514892149279955e+00
1.494373126307233957e+00
1.559685343645720312e+00
1.621259317489240015e+00
1.678886709596905558e+00
1.732340661239117008e+00
1.781373012951924739e+00
1.825711101103441258e+00
1.865054076010878692e+00
1.899068685230395737e+00
1.927384468607693746e+00
1.949588321489699183e+00
1.965218403315204254e+00
1.973757406771175171e+00
1.974625266734701956e+00
1.967171490960167635e+00
1.950667453352876723e+00
1.924299228841106046e+00
1.887161895367421405e+00
1.838256716599709684e+00
1.776493280249410223e+00
1.700699517977419362e+00
1.609643549017638620e+00
1.502072359439732052e+00
1.376773186365454427e+00
1.232663617459579974e+00
1.068915034525975472e+00
8.851100563373099916e-01
6.814270211779738240e-01
4.588329551385274541e-01
2.192523695966343278e-01
-3.433302597487347674e-02
-2.979018475626857843e-01
-5.665627220083044868e-01
-8.348788343905592102e-01
-1.097306212891124400e+00
-1.205993588115956472e+00
