-2.683233865834331766e+00
-2.683077968698879268e+00
-2.682584208715783625e+00
-2.681699696761992602e+00
-2.680369934503995744e+00
-2.678538565462656784e+00
-2.676147109507043709e+00
-2.673134678157362831e+00
-2.669437667801913161e+00
-2.664989427613398298e+00
-2.659719898580340303e+00
-2.653555219642567131e+00
-2.646417296427435062e+00
-2.638223327517079220e+00
-2.628885282525740497e+00
-2.618309325518081820e+00
-2.606395176441409944e+00
-2.593035402261956168e+00
-2.578114628371303230e+00
-2.561508659546244626e+00
-2.543083498285026334e+00
-2.522694246686568498e+00
-2.500183876168789787e+00
-2.475381847221371778e+00
-2.448102559050445493e+00
-2.418143606394278944e+00
-2.385283817990940136e+00
-2.349281048203278655e+00
-2.309869690237411177e+00
-2.266757876376879643e+00
-2.219624327934518249e+00
-2.168114815573107368e+00
-2.111838189841793501e+00
-2.050361943082725347e+00
-1.983207268562939385e+00
-1.909843592656487177e+00
-1.829682573855332173e+00
-1.742071592211912545e+00
-1.646286800018474050e+00
-1.541525876809784812e+00
-1.426900739738743873e+00
-1.301430618337354517e+00
-1.164036129434761868e+00
-1.013535307307059874e+00
-8.486429841807856533e-01
-6.679755070788782056e-01
-4.700635439384255321e-01
-2.533766812483047026e-01
-1.636460822884089339e-02
2.424792096292285315e-01
5.245246267812460061e-01
8.308759016610038906e-01
1.162201594042948205e+00
1.518522543818366266e+00
1.898965808104198683e+00
2.301506102690535904e+00
2.722734354521148870e+00
3.157711668865266663e+00
3.599978420304767557e+00
4.041781237663559345e+00
4.474546096019996533e+00
4.889564288070105569e+00
5.278786961678734180e+00
5.635573788176966303e+00
5.955240281122780033e+00
6.235302351892795691e+00
6.475403001424973048e+00
6.676986509597263364e+00
6.842830189895080295e+00
6.976545509430444270e+00
7.082131906151550638e+00
7.163627808139448661e+00
7.224869621511626150e+00
7.269347639619736512e+00
7.300137831635223229e+00
7.319886879615772557e+00
7.330830803422033526e+00
7.334832140118020760e+00
7.333425228635882753e+00
7.327862933297221382e+00
7.319160937441495207e+00
7.308137647595426500e+00
7.295448963547444876e+00
7.281617888437867947e+00
7.267059339782063532e+00
7.252100699396799577e+00
7.236998692184189785e+00
7.221953166272597535e+00
7.207118294997903796e+00
7.192611655496316203e+00
7.178521571070382024e+00
7.164913041138630589e+00
7.151832526261664214e+00
7.139311807293911905e+00
7.127371096940828821e+00
7.116021548202211555e+00
7.105267276454715564e+00
7.095106989348292537e+00
7.085535300400277237e+00
7.076543787405698893e+00
7.068121844891268601e+00
7.060257370276764810e+00
7.052937315721067968e+00
7.046148131453186636e+00
7.039876121423052524e+00
7.034107728112214630e+00
7.028829760128021853e+00
7.024029573611477062e+00
7.019695216394791437e+00
7.015815542150512840e+00
7.012380300400495869e+00
7.009380207136409524e+00
7.006806999892426724e+00
7.004653480364662954e+00
7.002913547056789589e+00
7.001582219920609695e+00
7.000655658531756309e+00
7.000131174975795290e+00
7.000007242303530219e+00
7.000283499132907039e+00
7.000960750717096559e+00
7.002040966553541246e+00
7.003527274366888378e+00
7.005423950050233550e+00
7.007736402883536719e+00
7.010471155054821324e+00
7.013635814176478966e+00
7.017239037101835386e+00
7.021290482889677165e+00
7.025800752216824208e+00
7.030781309877449203e+00
7.036244386203126311e+00
7.042202852253929279e+00
7.048670062422902838e+00
7.055659656609051922e+00
7.063185312277994399e+00
7.071260434458097599e+00
7.079897768905484057e+00
7.089108920178959217e+00
7.098903752026732406e+00
7.109289642091547456e+00
7.120270556227992209e+00
7.131845899372594388e+00
7.144009089515850341e+00
7.156745788410265874e+00
7.170031706624687473e+00
7.183829880727955697e+00
7.198087295953397913e+00
7.212730697767350208e+00
7.227661399413432441e+00
7.242748848879092094e+00
7.257822667272341377e+00
7.272662811423091789e+00
7.286987448080102681e+00
7.300438059215325737e+00
7.312561235654715830e+00
7.322786574297958317e+00
7.330400098090257721e+00
7.334512709550168985e+00
7.334023433687939075e+00
7.327577702613746524e+00
7.313521820119862404e+00
7.289856199243304857e+00
7.254192192671906625e+00
7.203720507092164382e+00
7.135203325549431597e+00
7.045006994688323587e+00
6.929196393280367516e+00
6.783713741423666121e+00
6.604660297450687167e+00
6.388685198362262341e+00
6.133459060224943471e+00
5.838172999962436549e+00
5.503966621599062137e+00
5.134169266884505589e+00
4.734256261007311117e+00
4.311482395067191220e+00
3.874242032013293979e+00
3.431283428846076067e+00
2.990939183953273961e+00
2.560512732277151038e+00
2.145898799138040047e+00
1.751445199591230129e+00
1.380011089987314143e+00
1.033153383311960827e+00
7.113744291939547715e-01
4.143794348720497567e-01
1.413112576383381835e-01
-1.090531704688886272e-01
-3.381488186777659166e-01
-5.475080915543699689e-01
-7.386798716217515270e-01
-9.131751638966680851e-01
-1.072432861431894757e+00
-1.217800138635872997e+00
-1.350523104565752863e+00
-1.471744395637355485e+00
-1.582505268485632222e+00
-1.683750451449818275e+00
-1.776334543178859970e+00
-1.861029137412610890e+00
-1.938530133971970271e+00
-2.009464894041283145e+00
-2.074399034803866115e+00
-2.133842751409348537e+00
-2.188256615912994807e+00
-2.238056842641334754e+00
-2.283620034196172099e+00
-2.325287436838309851e+00
-2.363368741687741803e+00
-2.398145471403739126e+00
-2.429873992385891412e+00
-2.458788191174598126e+00
-2.485101851369377890e+00
-2.509010764514539638e+00
-2.530694605344836035e+00
-2.550318598737046916e+00
-2.568035002797462774e+00
-2.583984429797492766e+00
-2.598297024182034676e+00
-2.611093514627750523e+00
-2.622486155117217610e+00
-2.632579568207625620e+00
-2.641471502093139634e+00
-2.649253511669841910e+00
-2.656011572591365777e+00
-2.661826636235557597e+00
-2.666775132568830475e+00
-2.670929427080243723e+00
-2.674358237247908221e+00
-2.677127013382396115e+00
-2.679298288154844165e+00
-2.680931998651218340e+00
-2.682085784390003891e+00
-2.682815264390765009e+00
-2.683174296079022803e+00
-2.683215218553095749e+00
-2.682989082515795598e+00
-2.682545868983753135e+00
-2.681934698726308852e+00
-2.681204034250728174e+00
-2.680401876038128517e+00
-2.679575954642634983e+00
-2.678773920192349500e+00
-2.678043530772666880e+00
-2.677432841128214225e+00
-2.676990393087057996e+00
-2.676765409087566994e+00
-2.676807990171828244e+00
-2.677169319796692815e+00
-2.677901874800709958e+00
-2.679059644847385790e+00
-2.680698361636484339e+00
-2.682875739127099646e+00
-2.685651725938613232e+00
-2.689088770974155995e+00
-2.693252103127380614e+00
-2.698210025662491240e+00
-2.704034225466815045e+00
-2.710800096821481819e+00
-2.718587078561263581e+00
-2.727479002423193855e+00
-2.737564448914060034e+00
-2.748937105025518690e+00
-2.761696115415686936e+00
-2.775946415024225011e+00
-2.791799026187049559e+00
-2.809371296763826464e+00
-2.828787047059465376e+00
-2.850176581725567093e+00
-2.873676507487092024e+00
-2.899429277329546917e+00
-2.927582355291779237e+00
-2.958286861509350718e+00
-2.991695512591216133e+00
-3.027959615481830014e+00
-3.067224801306756010e+00
-3.109625097373438951e+00
-3.155274829852439122e+00
-3.204257728971223074e+00
-3.256612480777736351e+00
-3.312313852816382909e+00
-3.371248450559475085e+00
-3.433184198943866061e+00
-3.497732889288830638e+00
-3.564305736873767394e+00
-3.632063063181429907e+00
-3.699861187884679659e+00
-3.766202590523858529e+00
-3.829199386170030639e+00
-3.886564690928464572e+00
-3.935650251030707647e+00
-3.973549426884029678e+00
-3.997279102340284496e+00
-4.004039624258561858e+00
-3.991528635577215045e+00
-3.958258247181225542e+00
-3.903806667014753540e+00
-3.828937604858561716e+00
-3.784019699651630209e+00
